144.0,6.258776771738857e-141
143.0,5.632613822596276e-138
124.0,2.4318090770598357e-91
123.0,5.171275772063251e-91
134.0,9.831665999288686e-90
133.0,8.082279473744745e-87
154.0,1.658671071285934e-80
153.0,2.2050991473241126e-79
187.0,3.189990970638521e-72
11.0,4.6666244601256024e-70
189.0,1.5907122063159547e-68
243.0,6.312732768042133e-64
244.0,2.0180883345183804e-63
94.0,9.421465762545215e-55
180.0,4.4103782873770255e-49
171.0,6.341640052742258e-49
182.0,1.795918101592635e-44
93.0,1.0265979678485814e-42
164.0,4.772527008146494e-42
150.0,5.0943914924930636e-42
163.0,6.76451392489533e-42
188.0,1.3936472749169765e-41
247.0,2.991332055047448e-40
170.0,1.0080046431135517e-39
177.0,5.796777315086631e-38
114.0,6.00381393735494e-37
113.0,1.4528824435250134e-36
141.0,3.32740950032725e-36
251.0,2.1683870033117816e-35
176.0,3.6713047547395483e-34
84.0,4.0169887629881736e-33
181.0,6.665364833370045e-33
227.0,2.496990022888235e-31
230.0,1.5660364282262753e-30
166.0,8.841368201380306e-29
240.0,1.014701011972514e-28
236.0,1.2104150380444553e-26
90.0,2.4290266313896716e-24
220.0,1.0544665875198918e-23
83.0,7.478467438840636e-22
223.0,3.974342989195783e-20
221.0,6.364396897865148e-20
224.0,9.789876364160852e-20
121.0,9.851319917442523e-19
74.0,1.7160155517245094e-18
246.0,2.3797527472408267e-18
16.0,2.692011566434818e-18
233.0,5.9734627502840915e-18
175.0,8.480585975850487e-18
234.0,8.868258963652504e-18
173.0,7.720689093650512e-17
174.0,8.513852017024519e-17
111.0,7.659450843027002e-16
91.0,8.718606504922737e-16
3.0,1.3407166344765137e-15
8.0,2.286010462728931e-15
216.0,4.544566385760095e-14
151.0,1.9878078617593134e-13
71.0,2.0356446754629358e-13
25.0,8.540334353422156e-13
120.0,1.1878181368474084e-12
81.0,1.203463573531958e-12
73.0,1.3689651391763251e-12
26.0,1.802473967302429e-12
64.0,1.953875086331982e-12
29.0,3.128694719714398e-12
255.0,4.964982096933838e-12
253.0,5.061616971425861e-12
254.0,5.587977595698514e-12
4.0,5.902343858517644e-12
268.0,9.59697248910837e-12
0.0,1.0148788500382e-11
70.0,1.106272362876932e-11
7.0,1.2314536948138093e-11
77.0,2.4044786584005496e-11
161.0,2.5962445408624695e-11
206.0,4.221694643258559e-11
9.0,4.617730605438541e-11
6.0,4.967801983459308e-11
76.0,5.970318452870469e-11
1.0,8.509036816527323e-11
54.0,8.858900853234603e-11
50.0,1.0356026720040869e-10
202.0,4.860237729236096e-10
66.0,5.486793651171667e-10
56.0,6.14181800248535e-10
51.0,6.551705438221743e-10
63.0,8.329368422276002e-10
80.0,1.3051165384382518e-09
97.0,1.7527372158252988e-09
262.0,2.128921088837015e-09
127.0,2.16432884397386e-09
28.0,2.299081910474494e-09
269.0,2.393517063411661e-09
130.0,4.32024776948614e-09
44.0,4.333030296151898e-09
57.0,4.564797799475413e-09
96.0,4.86419933712716e-09
53.0,5.224177292815103e-09
41.0,1.0613451159052615e-08
226.0,1.2603529221715546e-08
86.0,1.3479854227387681e-08
256.0,1.4586341746398507e-08
60.0,1.4826997411365429e-08
67.0,1.538181675783276e-08
2.0,2.2469470750528814e-08
40.0,4.159133060689086e-08
104.0,4.4789331703743925e-08
146.0,6.229277295089257e-08
205.0,6.573772319306172e-08
61.0,6.837641329781834e-08
22.0,2.1467790234720574e-07
162.0,2.1799434319943424e-07
17.0,2.2935122756036553e-07
10.0,3.5347620019437367e-07
43.0,7.804688625128505e-07
155.0,1.1852686973647207e-06
252.0,2.5314679310914695e-06
193.0,2.774653796716676e-06
34.0,3.332193320190588e-06
194.0,3.4504797329141836e-06
186.0,4.8949669770893625e-06
100.0,6.353994938920085e-06
27.0,7.351374137581543e-06
46.0,7.810416540109787e-06
241.0,9.470057983948969e-06
110.0,9.780320909501922e-06
248.0,2.1467782445006532e-05
211.0,2.698379327410733e-05
106.0,3.438085725188762e-05
201.0,4.0963875320683924e-05
103.0,5.1206256792034106e-05
20.0,6.627352852076358e-05
203.0,0.00014782752745286926
204.0,0.00015163733772033264
210.0,0.0001868879369427542
87.0,0.00020428011752115713
12.0,0.00020725928145156507
101.0,0.0002238792619620336
242.0,0.00029331803098047213
21.0,0.00035025279019597816
232.0,0.0004271512017585915
30.0,0.0005565060662118304
31.0,0.0005665807731419001
131.0,0.000760104116782213
196.0,0.0007938862575439902
207.0,0.001037214426584484
217.0,0.0015050580631306232
250.0,0.0018561313594425853
78.0,0.00192570928278059
156.0,0.002086468110767206
142.0,0.002292689832464595
140.0,0.0023916606759684764
135.0,0.0027796526356672208
95.0,0.002979203711430406
165.0,0.0031257814182584494
126.0,0.0043417351662416335
212.0,0.005104706587591403
33.0,0.005242852901516747
167.0,0.007945060997410729
79.0,0.012173514788638984
235.0,0.012647239353117413
197.0,0.013527806557806879
5.0,0.014811700719023588
265.0,0.02327503153202381
157.0,0.023695029144662934
62.0,0.026418079674350094
225.0,0.0277065875358909
92.0,0.0312736390280144
137.0,0.031818661278217
139.0,0.03261634642332744
132.0,0.03439582007903333
47.0,0.03463780791355484
138.0,0.03785527333013676
115.0,0.0382909086008766
185.0,0.04195318209344518
136.0,0.045507937006178265
159.0,0.04697326146025632
158.0,0.051868621098020116
55.0,0.05639747953060977
36.0,0.062034021555834144
215.0,0.06305088670498224
38.0,0.06941953092742024
249.0,0.08805272610219775
125.0,0.08919573984096135
42.0,0.09461786744649722
116.0,0.10217629113425032
39.0,0.10419370224945144
102.0,0.12113089124329797
184.0,0.14127124440506342
112.0,0.14162843115727125
23.0,0.14166986694258868
24.0,0.1438510305918127
237.0,0.1444226916360731
191.0,0.15976066461475344
85.0,0.16048445085645793
65.0,0.16257171504096143
195.0,0.16805369968549555
69.0,0.17205450614179896
199.0,0.1735285255076546
198.0,0.1757743913730005
179.0,0.1768580794074662
48.0,0.17970803487525736
122.0,0.17984235259682335
49.0,0.18676651848008996
152.0,0.2182041273920423
178.0,0.21839368542665066
160.0,0.2530169375582894
105.0,0.2632907954675999
190.0,0.2721818671558949
260.0,0.27759177628626397
99.0,0.2841376972484209
98.0,0.2873634539387284
19.0,0.2915832221215555
18.0,0.2939987652142532
261.0,0.30399682482391566
129.0,0.3041668540600894
128.0,0.3046435043660785
183.0,0.3123726725689767
148.0,0.3163158306164966
145.0,0.31952292576921903
149.0,0.3223555259676957
263.0,0.35493898288038384
117.0,0.3608013277499199
267.0,0.3678341804893338
147.0,0.39074208029979374
219.0,0.39474132825609987
218.0,0.3995204337709276
32.0,0.4041323483433673
239.0,0.422240164899896
238.0,0.42325701080576505
72.0,0.45007566887394923
169.0,0.45836637239883427
168.0,0.4651479480404964
68.0,0.4843621475558896
89.0,0.4880472052893404
82.0,0.4952145180014883
257.0,0.5008454815635612
14.0,0.5030505919070628
13.0,0.5047717708320735
88.0,0.5157325017348608
231.0,0.5345146085082839
107.0,0.602511934961
229.0,0.6517950918505171
108.0,0.666276665346879
35.0,0.6699178912842003
192.0,0.6939989943092579
45.0,0.7122774126672987
109.0,0.7196580773668821
259.0,0.7544297148950807
258.0,0.7571115576682217
52.0,0.7848258283681164
58.0,0.7859169293334237
266.0,0.8275883898864121
75.0,0.827668993515154
200.0,0.8293531578867867
264.0,0.8303038118591861
172.0,0.8381761737220563
37.0,0.8406786414035232
222.0,0.8505047587051837
15.0,0.85602158956236
119.0,0.8694641229338701
213.0,0.8937532474344503
214.0,0.8987919620949159
118.0,0.8988464916315255
228.0,0.9695841801393008
209.0,0.9775133502028046
245.0,0.9838355999134978
59.0,0.9898457983876456
208.0,0.9999240191766194
